[FormImport]
FormVersion=0
ShowCmd=1
Flags=0
PixelsPerInch=96
MinMaxPos(1916x937)=-1,-1,-1,-1
MinMaxPos=-1,-1,-1,-1
NormPos(1916x937)=110,145,813,753
NormPos=110,145,813,753
edDBPath1_Text=d:\Docs\Dropbox\Проекты\AlphaSklad22\Db\
edDBPath2_Text=d:\Docs\Dropbox\Проекты\AlphaSklad22\Db\
MinMaxPos(1920x1080)=-1,-1,-1,-1
NormPos(1920x1080)=110,145,813,753
MinMaxPos(1634x938)=-1,-1,-1,-1
NormPos(1634x938)=110,145,813,753

